GraphType.WEIGHTED_DIRECTED
Num Vertices = 78
Num Edges    = 1095
1 Fanouts: 49,56,2,57,60,75,4,5,50,18,8,31,78,11,13,48,33,24,28,73,62,35,51,40,67
1 FanIns: 49,75,60,63,64,5,71,74,7,18,77,9,78,10,12,27,20,26,29,30,44,40,41,55,58,52,53
49 Fanouts: 1,37,50,62,76,68,31
49 FanIns: 1,37,40,39,66,26,4,48,69,73
2 Fanouts: 38,75,41,3,46,28,55,52,7
2 FanIns: 1,3,61,5,50,62,6,44,35,42,13,48,14,45,58
75 Fanouts: 1,15,39,13,28,71,44,76,36,65
75 FanIns: 72,1,56,2,21,3,63,69,71,8,10,40,14,22,59
3 Fanouts: 20,2,75,47,61,46,50,70,44,11,41,22,59
3 FanIns: 72,19,20,21,2,25,64,69,50,6,76,44,34,77,37,43,45,16,68,54
47 Fanouts: 66,42,48,55,14,73,70,30,76,8,67
47 FanIns: 57,39,3,4,70,50,6,74,9,11,42,13,58,54
4 Fanouts: 72,49,15,21,47,23,46,48,35
4 FanIns: 1,57,60,24,63,6,44,18,34,31,35,51,15,23,33,58,16,53
46 Fanouts: 69,5,6,76,38,15,42,48,45,33,22,32,67
46 FanIns: 2,60,24,3,4,5,62,7,44,34,31,9,38,10,40,43,14,22
5 Fanouts: 1,57,2,61,25,46,50,62,35,9,38,15,40,41,22,68
5 FanIns: 1,21,60,66,46,28,62,18,11,48,59,52,54
50 Fanouts: 56,2,60,39,3,61,25,47,73,70,29,71,51,41,23,27,53,32
50 FanIns: 72,1,49,20,66,3,25,28,5,77,51,12,42,23,43,22
6 Fanouts: 2,3,24,47,4,28,7,31,11,43,55,48,59,67
6 FanIns: 72,39,63,46,70,71,9,51,15,42,23,55,45
7 Fanouts: 1,41,13,46,29,59,52,18,36
7 FanIns: 72,2,11,40,41,25,23,28,33,6,16,8
18 Fanouts: 1,21,57,66,61,4,28,5,71,74,38,11,41,45,68,32,65
18 FanIns: 1,57,66,61,62,7,8,34,31,36,15,40,41,12,42,48,68,27,65
8 Fanouts: 20,75,64,70,30,7,18,31,9,36,37,15,45,58,22
8 FanIns: 19,1,15,57,40,12,47,14,59,52,54,35
31 Fanouts: 20,56,39,61,63,4,46,71,18,34,35,42,43,45,59,53
31 FanIns: 1,49,6,8,77,34,35,36,10,51,58,53,54
9 Fanouts: 1,20,21,47,64,46,6,77,78,37,15,40,42,13,55,52,53,65
9 FanIns: 10,39,23,13,5,16,74,8,67
78 Fanouts: 1,56,21,12,52,54
78 FanIns: 1,20,21,24,61,25,77,9,51,11,43,22,27,17,32
10 Fanouts: 1,20,57,60,75,61,25,28,46,69,31,9,15,12,42,45,68
10 FanIns: 57,39,60,66,26,70,30,77,15,41,27,53,65
15 Fanouts: 61,63,4,28,71,6,44,76,18,8,35,10,41,13,22,68
15 FanIns: 60,75,25,4,46,5,69,8,9,36,10,42,55,48,14,22,16,32
11 Fanouts: 72,20,47,61,5,73,7,76,34,78,40,59,32
11 FanIns: 1,56,57,51,3,48,6,52,18,54
12 Fanouts: 1,39,24,26,50,70,30,18,44,8,34,37,40,41,23,43,68
12 FanIns: 78,20,10,41,64,22,52,16,76
23 Fanouts: 20,56,60,61,4,50,6,74,7,77,9,55,48,14,68,53
23 FanIns: 19,56,24,25,4,28,69,29,50,62,30,77,35,51,12,41,13,55,14,52,27,53
13 Fanouts: 72,56,2,39,47,63,64,62,77,9,36,40,23,48,45,14
13 FanIns: 1,20,39,75,60,24,25,70,7,9,15,51,22,27
48 Fanouts: 49,15,2,11,63,43,5,58,16,18
48 FanIns: 1,56,47,4,26,46,70,6,76,51,23,13,43,58,59,16,68,53,32
14 Fanouts: 2,75,60,63,46,71,74,44,8,35,36,15,23,33,27,32,54
14 FanIns: 24,47,61,63,29,37,38,23,13,45,33,22,52
33 Fanouts: 39,42,4,55,14,22,7,16,30
33 FanIns: 1,37,72,61,46,14,45,73,62,17,35
22 Fanouts: 72,56,20,21,75,28,46,50,71,30,44,78,15,12,42,13,43,14,45,67
22 FanIns: 72,3,24,46,5,71,74,44,77,8,35,36,37,15,40,33,52,67
16 Fanouts: 60,3,4,62,7,9,37,15,41,12,48,27,68,17
16 FanIns: 37,19,51,60,41,25,48,64,33,34,77,32
27 Fanouts: 1,73,62,44,18,78,10,51,23,13,43,53,67
27 FanIns: 37,25,64,14,69,50,16,54
17 Fanouts: 19,20,66,63,73,70,35,78,37,42,33,59,68,32,67
17 FanIns: 24,29,58,62,74,16,67
32 Fanouts: 56,61,26,69,71,44,35,36,78,38,15,48,55,45,59,16
32 FanIns: 19,21,26,64,46,73,50,18,37,11,40,42,14,58,68,17,53,67
65 Fanouts: 19,20,10,24,41,42,45,59,71,18,44
65 FanIns: 75,24,66,61,26,73,18,9,38,40,41,68,53,67
19 Fanouts: 72,60,3,23,69,29,16,8,32,36
19 FanIns: 56,40,41,63,64,58,70,77,17,35,54,65
20 Fanouts: 1,57,60,3,25,50,74,44,35,78,38,12,13,58
20 FanIns: 57,39,60,3,70,8,34,31,9,10,11,23,22,68,17,65,67
21 Fanouts: 78,37,51,39,40,75,3,5,69,32,67
21 FanIns: 39,4,73,62,18,44,76,35,9,78,40,22,52,68
39 Fanouts: 49,20,56,21,24,47,70,6,62,9,10,51,13
39 FanIns: 72,21,75,50,31,35,12,43,13,45,33,59,52,53
24 Fanouts: 57,4,28,46,73,69,36,78,23,13,43,14,59,22,17,65
24 FanIns: 72,1,60,39,29,6,38,51,12,43,59,67,65
25 Fanouts: 3,29,50,30,7,78,38,15,40,23,13,59,16,27
25 FanIns: 10,20,61,26,28,5,50,74,44,77,36
26 Fanouts: 72,1,37,49,10,25,42,48,77,32,65
26 FanIns: 72,38,57,66,12,62,68,34,53,32
28 Fanouts: 25,63,73,5,50,62,7,34,35,40,23,45,58,52
28 FanIns: 1,56,2,75,24,71,6,44,18,38,10,15,51,22,52,54
73 Fanouts: 49,38,21,41,63,33,74,54,32,65,36
73 FanIns: 1,11,24,47,28,55,50,59,27,34,17
29 Fanouts: 1,57,24,70,62,77,35,40,23,43,14,52,17,53
29 FanIns: 19,57,60,25,50,62,71,7,36,37,38,51,42,58,53,67
62 Fanouts: 57,2,21,26,46,5,69,29,18,44,38,23,33,59,17
62 FanIns: 1,49,39,28,5,29,76,35,40,13,43,45,16,27
30 Fanouts: 72,1,10,38,40,60,23,64,44,77
30 FanIns: 60,47,25,63,44,8,34,35,37,51,40,12,41,33,59,22
44 Fanouts: 1,21,57,2,3,25,4,46,28,64,70,30,34,38,41,43,55,22,67
44 FanIns: 20,57,75,3,61,63,62,30,34,15,12,42,14,22,27,32,65
34 Fanouts: 20,3,26,4,46,73,69,30,44,18,35,31,37,55,16
34 FanIns: 56,11,12,64,28,70,52,44,77,31,36
35 Fanouts: 19,2,21,39,4,64,62,30,8,31,37,51,41,23,43,33,22
35 FanIns: 1,20,4,28,5,29,71,34,31,15,40,41,14,53,17,54,32
36 Fanouts: 37,38,15,25,42,43,69,29,22,18,34,31
36 FanIns: 19,75,60,24,66,73,7,77,8,51,40,13,14,32,54
37 Fanouts: 49,3,63,64,29,30,74,51,14,33,22,16,52,27,53,32
37 FanIns: 72,49,21,66,26,64,8,34,35,36,9,38,51,40,41,12,16,17
38 Fanouts: 24,61,26,46,28,29,37,40,42,14,52,54,65
38 FanIns: 20,2,25,46,5,73,62,30,44,18,77,36,41,45,52,32
51 Fanouts: 60,24,61,4,28,50,29,6,30,31,36,37,78,11,23,13,48,59,16,52
51 FanIns: 1,37,21,39,45,50,68,27,35
40 Fanouts: 1,19,49,21,75,46,62,71,30,7,76,18,8,35,36,37,22,32,65,67
40 FanIns: 72,1,21,25,63,28,5,70,29,30,74,76,9,38,11,12,42,13,68
41 Fanouts: 1,19,66,63,30,7,18,35,37,38,10,12,23,59,16,65
41 FanIns: 72,2,3,61,63,5,73,50,7,74,44,18,35,15,12,42,16,68,65
42 Fanouts: 72,2,47,50,29,6,44,18,15,40,41,55,32,54
42 FanIns: 56,47,26,46,70,71,31,9,36,10,38,33,22,17,65
43 Fanouts: 78,39,60,24,3,63,48,46,50,62
43 FanIns: 66,24,29,6,74,44,35,31,36,12,48,45,59,22,27
55 Fanouts: 72,1,15,23,61,73,58,6,52,53,67
55 FanIns: 56,2,47,6,71,74,44,34,77,9,23,42,33,59,52,54,32,67
45 Fanouts: 56,2,57,39,3,66,63,6,62,74,38,51,43,14,33,52,67
45 FanIns: 60,46,64,28,18,8,77,31,10,13,22,52,32,65
58 Fanouts: 1,19,72,2,60,47,4,29,31,48,17,54,32
58 FanIns: 72,20,48,28,64,55,70,74,76,8
59 Fanouts: 57,75,39,24,63,5,73,30,77,8,43,55,48
59 FanIns: 56,24,3,25,63,69,62,6,7,74,31,51,11,41,17,32,54,65
52 Fanouts: 1,21,39,63,28,5,70,74,77,34,8,38,11,12,23,55,45,14,22,68
52 FanIns: 2,61,28,69,29,7,9,78,37,38,51,55,45
68 Fanouts: 20,21,51,40,41,3,26,48,18,54,32,65
68 FanIns: 10,49,57,15,12,23,5,52,16,18,17,67
53 Fanouts: 1,39,60,4,26,69,29,70,76,35,31,10,23,48,32,65,67
53 FanIns: 37,72,23,55,50,29,74,27,31,9
54 Fanouts: 19,3,47,61,63,28,5,71,8,31,35,36,11,55,59,27,67
54 FanIns: 78,38,42,73,14,58,71,68
67 Fanouts: 20,24,63,55,29,22,68,17,32,9,65
67 FanIns: 1,21,47,61,64,46,6,44,40,55,45,22,27,17,53,54
72 Fanouts: 75,39,3,66,24,61,26,50,6,71,7,77,37,40,41,58,33,22,53
72 FanIns: 19,56,26,63,4,71,30,76,11,42,13,55,58,22
56 Fanouts: 72,19,75,28,74,76,34,11,42,23,55,48,59
56 FanIns: 78,1,60,39,23,13,45,50,22,74,31,32
57 Fanouts: 20,10,11,47,26,4,29,44,68,18,8
57 FanIns: 1,20,10,24,5,45,29,62,59,18,44,77
60 Fanouts: 1,56,20,66,24,4,63,46,5,29,74,30,36,10,15,13,45,16
60 FanIns: 1,19,20,66,61,64,50,30,77,10,51,23,43,14,58,16,53
66 Fanouts: 49,60,26,64,5,50,18,77,36,37,10,43,65
66 FanIns: 72,60,41,47,69,45,70,18,76,17
61 Fanouts: 2,60,25,74,18,44,78,41,14,33,52,65,67
61 FanIns: 72,3,5,69,50,18,31,10,38,15,51,11,23,55,32,54
63 Fanouts: 72,1,19,40,75,41,4,14,6,59,30,44
63 FanIns: 60,64,28,73,31,37,15,41,43,13,48,14,45,59,52,17,54,67
64 Fanouts: 19,1,60,3,63,34,37,12,45,58,16,27,32,67
64 FanIns: 37,66,13,69,30,76,44,8,35,9
69 Fanouts: 49,75,66,3,61,64,71,77,15,23,59,52,27
69 FanIns: 19,10,21,24,46,71,62,53,34,32,36
70 Fanouts: 19,10,20,40,66,42,47,13,48,58,6,34
70 FanIns: 39,3,12,47,29,50,52,44,8,17,53
71 Fanouts: 1,72,75,28,69,29,6,77,35,42,55,22,54
71 FanIns: 72,75,69,50,18,31,15,40,14,22,32,54,65
74 Fanouts: 1,56,25,47,9,40,41,43,55,58,22,59,17,53
74 FanIns: 37,56,20,60,61,23,14,73,45,52,18
76 Fanouts: 72,21,40,3,12,66,64,48,58,62
76 FanIns: 56,49,15,75,40,11,47,46,53
77 Fanouts: 19,1,57,60,3,25,50,34,31,36,78,38,10,23,55,45,22,16
77 FanIns: 72,66,23,13,26,69,29,59,71,52,30,9
